10 0.903125 0.45078125 0.19375 0.4671875
11 0.17890625 0.3953125 0.05703125 0.24453125
11 0.1203125 0.36015625 0.04765625 0.21640625
10 0.46953125 0.48984375 0.0890625 0.221875
11 0.9171875 0.6421875 0.06015625 0.04921875
11 0.01171875 0.36171875 0.02265625 0.11875
11 0.475 0.58359375 0.0265625 0.03671875
11 0.38125 0.47265625 0.0125 0.11953125
11 0.36796875 0.446875 0.01171875 0.06171875
11 0.228125 0.38046875 0.034375 0.040625
11 0.22421875 0.49921875 0.03359375 0.03515625
10 0.58125 0.534375 0.0421875 0.1140625
10 0.3796875 0.44375 0.0546875 0.18046875
10 0.18359375 0.27734375 0.13671875 0.4828125
10 0.6984375 0.51875 0.0390625 0.06796875
10 0.74375 0.51875 0.0234375 0.05625