10 0.91875 0.4421875 0.1625 0.5015625
10 0.47265625 0.4859375 0.09609375 0.2390625
11 0.18125 0.39609375 0.04453125 0.22890625
11 0.12265625 0.33671875 0.0453125 0.26015625
11 0.02421875 0.37109375 0.04765625 0.1296875
11 0.971875 0.66875 0.05625 0.05390625
11 0.4765625 0.5875 0.0265625 0.0375
11 0.3875 0.4765625 0.02109375 0.11875
10 0.3875 0.43984375 0.06171875 0.1921875
10 0.1859375 0.26875 0.14765625 0.4859375
10 0.128125 0.2359375 0.1421875 0.471875
11 0.596875 0.58515625 0.01015625 0.03125
10 0.59609375 0.5390625 0.04609375 0.125
10 0.72265625 0.52578125 0.04765625 0.07734375
10 0.7734375 0.528125 0.025 0.0609375