11 0.87421875 0.6578125 0.2515625 0.50703125
3 0.3625 0.490625 0.0890625 0.34296875
3 0.228125 0.42734375 0.0515625 0.15546875
3 0.1703125 0.42265625 0.04453125 0.08515625
3 0.125 0.425 0.025 0.07265625
3 0.72421875 0.55078125 0.059375 0.21640625
3 0.5703125 0.5171875 0.05625 0.2046875
3 0.503125 0.50703125 0.02734375 0.07578125
3 0.2671875 0.41328125 0.02265625 0.040625
3 0.0953125 0.42265625 0.02890625 0.07734375
3 0.63515625 0.4875 0.0125 0.04921875
3 0.6078125 0.47890625 0.01015625 0.03203125
3 0.309375 0.42890625 0.01953125 0.04140625
3 0.46171875 0.48671875 0.0203125 0.03125
3 0.5328125 0.48828125 0.01640625 0.0328125
2 0.35234375 0.334375 0.396875 0.66875
2 0.5015625 0.4515625 0.1046875 0.196875
2 0.16640625 0.346875 0.1421875 0.24140625
2 0.22890625 0.3703125 0.14765625 0.28046875
2 0.45859375 0.43828125 0.07265625 0.12734375
2 0.26640625 0.378125 0.07578125 0.1203125