3 0.56875 0.54453125 0.05390625 0.11953125
3 0.8734375 0.5 0.25234375 1
3 0.16640625 0.4265625 0.0671875 0.265625
3 0.37421875 0.45 0.028125 0.07890625
3 0.42734375 0.4546875 0.02109375 0.0625
3 0.2484375 0.43046875 0.02890625 0.06171875
3 0.3140625 0.43046875 0.02109375 0.04453125
3 0.715625 0.49765625 0.01796875 0.0609375
3 0.875 0.5 0.25 1
3 0.509375 0.49921875 0.0203125 0.04296875
3 0.61328125 0.50546875 0.03359375 0.04765625
2 0.5796875 0.37421875 0.23359375 0.478125
2 0.378125 0.390625 0.0953125 0.19765625
2 0.24609375 0.37890625 0.09765625 0.16484375
2 0.425 0.40234375 0.10234375 0.16796875
2 0.71484375 0.43671875 0.090625 0.17109375