3 0.296875 0.49375 0.06875 0.1890625
3 0.66875 0.53359375 0.08046875 0.1203125
3 0.440625 0.4828125 0.0359375 0.090625
3 0.3828125 0.51953125 0.0171875 0.0671875
3 0.1515625 0.5234375 0.04609375 0.0953125
3 0.2390625 0.53046875 0.0390625 0.14765625
3 0.50625 0.47734375 0.0328125 0.05546875
3 0.54375 0.484375 0.02265625 0.05234375
3 0.578125 0.48046875 0.03828125 0.046875
3 0.17890625 0.53203125 0.01953125 0.046875
3 0.4765625 0.51015625 0.01875 0.04921875
3 0.41484375 0.5078125 0.01796875 0.0625
2 0.29609375 0.33828125 0.26796875 0.503125
2 0.3796875 0.4828125 0.09296875 0.14296875