3 0.20234375 0.315625 0.16640625 0.6296875
3 0.3234375 0.47265625 0.02890625 0.1375
3 0.584375 0.49453125 0.02734375 0.1421875
3 0.7796875 0.6421875 0.071875 0.12109375
3 0.88125 0.62578125 0.053125 0.07421875
3 0.0140625 0.54609375 0.028125 0.05390625
3 0.08046875 0.51640625 0.05234375 0.11328125
3 0.39765625 0.47578125 0.0234375 0.07890625
3 0.44375 0.453125 0.01953125 0.07265625
3 0.49296875 0.46484375 0.01953125 0.1046875
3 0.6109375 0.52578125 0.02109375 0.08359375
3 0.634375 0.51796875 0.01875 0.046875
2 0.8046875 0.475 0.27890625 0.459375
2 0.59375 0.39921875 0.13203125 0.34140625
3 0.34375 0.4890625 0.01875 0.11171875
3 0.36953125 0.49609375 0.015625 0.0296875
3 0.56171875 0.5109375 0.0171875 0.05234375
2 0.4921875 0.41328125 0.0703125 0.21015625
2 0.4015625 0.42578125 0.0703125 0.178125
2 0.44453125 0.40859375 0.05859375 0.1609375
2 0.88671875 0.5125 0.146875 0.290625
2 0.32734375 0.3921875 0.1078125 0.30390625
2 0.23828125 0.328125 0.4765625 0.65625
2 0.6109375 0.46875 0.09921875 0.18828125
2 0.5625 0.465625 0.08125 0.12421875