3 0.3828125 0.52578125 0.046875 0.21875
3 0.4421875 0.571875 0.0203125 0.05625
3 0.07578125 0.5421875 0.05703125 0.134375
3 0.15625 0.56328125 0.02578125 0.04453125
3 0.11875 0.575 0.02421875 0.0359375
3 0.0125 0.5875 0.02265625 0.04609375
3 0.25703125 0.575 0.03203125 0.05625
3 0.2296875 0.56953125 0.02109375 0.04765625
3 0.29140625 0.55859375 0.0296875 0.075
3 0.32578125 0.56171875 0.0375 0.0734375
3 0.559375 0.56328125 0.00859375 0.0359375
2 0.5609375 0.53671875 0.04609375 0.0953125
2 0.44375 0.5171875 0.09140625 0.1609375
2 0.36328125 0.38046875 0.2109375 0.503125
2 0.096875 0.4140625 0.19375 0.39375
2 0.246875 0.4875 0.11953125 0.23125
2 0.315625 0.475 0.13515625 0.25859375
2 0.15625 0.5171875 0.075 0.1375