3 0.34609375 0.5578125 0.03359375 0.06796875
3 0.42109375 0.55859375 0.0265625 0.06328125
3 0.521875 0.52734375 0.0265625 0.1375
3 0.5703125 0.5296875 0.015625 0.10390625
3 0.70703125 0.565625 0.13125 0.425
3 0.16875 0.55546875 0.04765625 0.08359375
3 0.0203125 0.4953125 0.03984375 0.1203125
3 0.12109375 0.534375 0.0359375 0.0421875
3 0.4578125 0.546875 0.01796875 0.0375
3 0.21015625 0.5390625 0.0296875 0.03359375
2 0.73671875 0.39140625 0.5265625 0.7796875
2 0.346875 0.4828125 0.1234375 0.2359375
2 0.42265625 0.48515625 0.1078125 0.22109375
2 0.5203125 0.471875 0.12265625 0.2578125
2 0.571875 0.48671875 0.10234375 0.1953125
2 0.16953125 0.46796875 0.20390625 0.26484375