10 0.7140625 0.66796875 0.27734375 0.553125
11 0.67109375 0.88515625 0.06015625 0.13828125
10 0.35234375 0.409375 0.14765625 0.24453125
11 0.6671875 0.56328125 0.05859375 0.0734375
10 0.24140625 0.375 0.0265625 0.046875
11 0.74453125 0.490625 0.00703125 0.03671875
11 0.3609375 0.509375 0.0203125 0.0296875
10 0.47265625 0.4359375 0.04453125 0.1203125
10 0.871875 0.48359375 0.04296875 0.075
10 0.83203125 0.47578125 0.0375 0.06640625
10 0.74453125 0.4703125 0.034375 0.08203125
11 0.47265625 0.4578125 0.01171875 0.06328125