10 0.2109375 0.4890625 0.421875 0.878125
10 0.625 0.484375 0.09609375 0.29765625
10 0.75625 0.6703125 0.196875 0.4
10 0.96015625 0.49765625 0.059375 0.0953125
10 0.90859375 0.48671875 0.0390625 0.08359375
10 0.4984375 0.44921875 0.0609375 0.17578125
10 0.5546875 0.46796875 0.046875 0.1359375
10 0.38359375 0.44375 0.065625 0.17890625
10 0.42578125 0.43046875 0.053125 0.17265625
11 0.625 0.603125 0.02265625 0.05703125
11 0.3875 0.4984375 0.015625 0.078125
11 0.7609375 0.553125 0.05 0.05859375
11 0.90859375 0.7734375 0.125 0.13046875
5 0.553125 0.51796875 0.0125 0.040625