10 0.67890625 0.48203125 0.16640625 0.4796875
11 0.68125 0.67578125 0.04375 0.08828125
11 0.2828125 0.4953125 0.03828125 0.13046875
10 0.2765625 0.39921875 0.17421875 0.3296875
10 0.4671875 0.41640625 0.08671875 0.2546875
10 0.5546875 0.44609375 0.07421875 0.2015625
11 0.3703125 0.45703125 0.01875 0.11796875
11 0.16328125 0.4875 0.053125 0.078125
11 0.7546875 0.675 0.03828125 0.065625
11 0.86640625 0.51796875 0.0171875 0.06640625
10 0.87109375 0.4890625 0.05625 0.13359375
10 0.36640625 0.390625 0.0921875 0.25546875
10 0.76640625 0.52890625 0.1484375 0.36015625
11 0.46875 0.4890625 0.01640625 0.11796875
11 0.55078125 0.5171875 0.0203125 0.06015625
11 0.58671875 0.5265625 0.0140625 0.046875
11 0.453125 0.53125 0.01328125 0.02265625
11 0.02421875 0.50234375 0.04609375 0.034375
10 0.15234375 0.36796875 0.1390625 0.31484375
10 0.0671875 0.36328125 0.134375 0.33046875