10 0.1859375 0.3515625 0.25 0.44609375
10 0.325 0.36484375 0.11796875 0.3109375
10 0.44296875 0.39765625 0.1125 0.3265625
10 0.5484375 0.43125 0.10546875 0.2515625
10 0.740625 0.4671875 0.27265625 0.65546875
11 0.19609375 0.47578125 0.06328125 0.1921875
11 0.32890625 0.4421875 0.02890625 0.153125
11 0.446875 0.4921875 0.02109375 0.1265625
11 0.54375 0.5234375 0.0234375 0.07265625
11 0.72734375 0.728125 0.06953125 0.1125
11 0.79453125 0.71875 0.04765625 0.07421875
11 0.02734375 0.47421875 0.0546875 0.11328125
11 0.2640625 0.50546875 0.0296875 0.03828125
11 0.584375 0.5328125 0.0140625 0.040625