1 0.678125 0.75546875 0.04453125 0.28671875
1 0.1703125 0.5453125 0.01953125 0.07890625
1 0.55625 0.5359375 0.01875 0.12890625
1 0.740625 0.44609375 0.01875 0.05859375
0 0.56875 0.4671875 0.1140625 0.25625
0 0.75 0.4078125 0.13984375 0.13828125
0 0.72421875 0.68203125 0.30234375 0.4265625
0 0.15 0.525 0.16171875 0.1296875
9 0.28515625 0.63671875 0.021875 0.0515625
8 0.28515625 0.57734375 0.1140625 0.165625
8 0.23359375 0.3046875 0.0578125 0.09296875
0 0.3703125 0.48125 0.0640625 0.07734375
0 0.41796875 0.465625 0.0453125 0.07421875
1 0.41640625 0.48046875 0.0078125 0.0421875
1 0.3765625 0.4921875 0.01171875 0.04140625
0 0.36484375 0.56796875 0.0953125 0.0984375