0 0.7734375 0.73203125 0.375 0.5359375
0 0.12109375 0.52421875 0.17578125 0.128125
1 0.56015625 0.53125 0.02109375 0.15
0 0.575 0.4609375 0.125 0.27890625
8 0.26015625 0.58984375 0.09921875 0.18515625
9 0.2734375 0.65 0.02421875 0.06171875
0 0.7640625 0.396875 0.14609375 0.1375
1 0.7078125 0.71796875 0.05078125 0.19609375
1 0.15390625 0.54921875 0.021875 0.090625
1 0.4140625 0.47890625 0.00703125 0.0453125
1 0.37265625 0.48828125 0.0125 0.03359375
0 0.3671875 0.4890625 0.065625 0.0984375
0 0.4140625 0.465625 0.0359375 0.07890625
8 0.2234375 0.2953125 0.0609375 0.0859375
0 0.35859375 0.575 0.10546875 0.11171875
1 0.753125 0.4296875 0.021875 0.06484375