1 0.56875 0.534375 0.01953125 0.16171875
1 0.14375 0.55625 0.021875 0.09375
9 0.2609375 0.66484375 0.025 0.06328125
1 0.7515625 0.70703125 0.06953125 0.11640625
0 0.80078125 0.715625 0.3984375 0.5359375
0 0.5859375 0.4609375 0.14375 0.3140625
0 0.3640625 0.48515625 0.06953125 0.09609375
0 0.11171875 0.53515625 0.17421875 0.1515625
0 0.359375 0.584375 0.0984375 0.1328125
8 0.25 0.5984375 0.1171875 0.2015625
8 0.22265625 0.30390625 0.06015625 0.10703125
9 0.22421875 0.33359375 0.01484375 0.0421875
0 0.79140625 0.38203125 0.17578125 0.15078125
1 0.775 0.42421875 0.02578125 0.0625
1 0.415625 0.4828125 0.0078125 0.04765625
1 0.3515625 0.60625 0.0203125 0.03359375