1 0.23046875 0.21171875 0.11875 0.25625
1 0.38125 0.64609375 0.06796875 0.35390625
1 0.07890625 0.48515625 0.053125 0.140625
0 0.08828125 0.36953125 0.17578125 0.3734375
0 0.24765625 0.4203125 0.4953125 0.840625
1 0.96484375 0.47890625 0.06640625 0.14609375
0 0.903125 0.3953125 0.19375 0.334375
0 0.76484375 0.43125 0.16875 0.19296875
0 0.465625 0.5734375 0.07421875 0.1390625
1 0.3109375 0.403125 0.08828125 0.13046875
0 0.57578125 0.490625 0.053125 0.08515625
1 0.790625 0.4453125 0.02734375 0.04921875
1 0.7625 0.5203125 0.046875 0.04296875
1 0.77890625 0.48125 0.02578125 0.0359375
1 0.73125 0.50234375 0.02265625 0.059375
1 0.47265625 0.6125 0.0140625 0.0703125