1 0.21484375 0.2625 0.1140625 0.24609375
1 0.3515625 0.64921875 0.07265625 0.32578125
0 0.0859375 0.3890625 0.17109375 0.36796875
0 0.8984375 0.4015625 0.20234375 0.3421875
0 0.746875 0.44921875 0.13671875 0.1953125
0 0.45234375 0.5859375 0.06875 0.12265625
1 0.9109375 0.484375 0.0546875 0.15625
1 0.2875 0.43203125 0.084375 0.1140625
1 0.059375 0.50703125 0.053125 0.1328125
1 0.76640625 0.459375 0.02578125 0.065625
1 0.7359375 0.528125 0.04296875 0.0515625
0 0.2421875 0.41640625 0.4703125 0.8328125
0 0.56796875 0.49921875 0.05546875 0.078125