1 0.0625 0.24296875 0.125 0.2984375
1 0.146875 0.4421875 0.11484375 0.121875
1 0.2234375 0.6484375 0.0859375 0.284375
1 0.6796875 0.51015625 0.046875 0.0390625
1 0.34609375 0.64296875 0.015625 0.06328125
1 0.60234375 0.49296875 0.0140625 0.034375
1 0.5859375 0.54765625 0.02421875 0.0265625
1 0.56796875 0.52265625 0.01328125 0.02421875
1 0.59765625 0.52265625 0.01328125 0.02109375
0 0.18046875 0.40703125 0.36015625 0.8140625
0 0.3296875 0.61953125 0.08203125 0.1453125
0 0.46171875 0.51875 0.05 0.07890625
0 0.6765625 0.4921875 0.21171875 0.24609375
0 0.58671875 0.49296875 0.109375 0.1609375
0 0.940625 0.53671875 0.09375 0.1203125