1 0.18203125 0.50078125 0.0140625 0.046875
1 0.6828125 0.540625 0.04609375 0.1703125
1 0.2875 0.6609375 0.0203125 0.07890625
1 0.57265625 0.54609375 0.01796875 0.03828125
1 0.58828125 0.48359375 0.01640625 0.0390625
1 0.58046875 0.51640625 0.01328125 0.0265625
1 0.72109375 0.5140625 0.0375 0.0484375
0 0.15703125 0.4796875 0.0953125 0.0921875
0 0.26484375 0.621875 0.15 0.21015625
0 0.45703125 0.50078125 0.04375 0.07265625
0 0.715625 0.425 0.36484375 0.40625
0 0.82265625 0.53671875 0.10703125 0.0859375