11 0.709375 0.39375 0.03828125 0.1453125
11 0.37265625 0.3953125 0.0296875 0.05625
11 0.546875 0.36328125 0.02578125 0.040625
11 0.85625 0.521875 0.03671875 0.0703125
11 0.484375 0.36640625 0.02890625 0.040625
11 0.06484375 0.2890625 0.034375 0.096875
11 0.78203125 0.4421875 0.02578125 0.03984375
11 0.64140625 0.4109375 0.02578125 0.03203125
11 0.5796875 0.35546875 0.01796875 0.025
10 0.36328125 0.23046875 0.14921875 0.38046875
10 0.55 0.1921875 0.13125 0.384375
10 0.47890625 0.209375 0.11640625 0.359375
10 0.71171875 0.30625 0.13046875 0.31171875
10 0.159375 0.3296875 0.1328125 0.27421875
11 0.1703125 0.45078125 0.034375 0.05234375