11 0.1453125 0.49609375 0.12890625 0.13046875
11 0.3921875 0.43125 0.04375 0.0546875
11 0.4796875 0.43515625 0.0375 0.0578125
11 0.61015625 0.465625 0.021875 0.1328125
11 0.63984375 0.50234375 0.01796875 0.034375
11 0.70703125 0.5625 0.02578125 0.08125
11 0.8546875 0.67109375 0.08125 0.14765625
11 0.93046875 0.6609375 0.06328125 0.075
11 0.91953125 0.71328125 0.03515625 0.08125
10 0.86328125 0.37265625 0.2734375 0.7453125
10 0.3796875 0.2296875 0.184375 0.45859375
10 0.1703125 0.28203125 0.33984375 0.5640625
10 0.61484375 0.375 0.140625 0.315625
10 0.71328125 0.45390625 0.090625 0.28671875
10 0.4890625 0.2296875 0.18984375 0.45859375