5 0.38984375 0.5125 0.103125 0.46484375
5 0.61875 0.615625 0.1 0.23671875
5 0.92421875 0.66484375 0.1515625 0.29140625
9 0.6984375 0.64140625 0.0375 0.109375
9 0.5015625 0.61796875 0.01875 0.0546875
3 0.55 0.6109375 0.01796875 0.053125
9 0.22265625 0.575 0.05390625 0.07265625
8 0.2125 0.45390625 0.2140625 0.3078125
8 0.50078125 0.5546875 0.0890625 0.18515625
8 0.70390625 0.584375 0.14765625 0.22578125
5 0.7375 0.63984375 0.04140625 0.090625
4 0.3921875 0.396875 0.28046875 0.6828125
4 0.6171875 0.478125 0.18671875 0.55390625
4 0.46484375 0.4609375 0.040625 0.12265625
5 0.46015625 0.49609375 0.03203125 0.0578125