5 0.40390625 0.4640625 0.1046875 0.4671875
4 0.35625 0.35625 0.3328125 0.69375
9 0.22265625 0.5171875 0.04765625 0.1421875
5 0.521875 0.5859375 0.028125 0.0953125
4 0.51484375 0.55 0.0796875 0.1609375
8 0.61015625 0.61484375 0.11953125 0.2015625
8 0.22109375 0.421875 0.165625 0.35546875
6 0.64921875 0.39609375 0.0578125 0.1609375
6 0.609375 0.4296875 0.04375 0.11328125
7 0.86484375 0.5453125 0.04765625 0.121875
6 0.7265625 0.50390625 0.07734375 0.22265625
6 0.86484375 0.4609375 0.12890625 0.290625