5 0.5640625 0.5328125 0.07421875 0.25625
5 0.628125 0.5375 0.06484375 0.2125
5 0.87578125 0.5796875 0.22578125 0.24453125
9 0.6875 0.58125 0.021875 0.09375
3 0.665625 0.56171875 0.01796875 0.0578125
9 0.33828125 0.471875 0.04375 0.21953125
9 0.41171875 0.56484375 0.0234375 0.05625
9 0.4703125 0.58125 0.02421875 0.0765625
8 0.6921875 0.51328125 0.11796875 0.22890625
4 0.6296875 0.44140625 0.1078125 0.39921875
4 0.553125 0.4546875 0.1234375 0.4328125
4 0.8671875 0.4796875 0.25625 0.44453125
8 0.30859375 0.303125 0.24765625 0.56875
8 0.40703125 0.4921875 0.0890625 0.20234375
8 0.4671875 0.50390625 0.1140625 0.22734375