11 0.43359375 0.5703125 0.0359375 0.26796875
10 0.428125 0.46484375 0.09140625 0.490625
10 0.56015625 0.3625 0.075 0.3125
11 0.72109375 0.52109375 0.05078125 0.159375
10 0.7515625 0.4 0.24296875 0.43515625
11 0.84453125 0.5234375 0.05859375 0.30390625
11 0.76875 0.5859375 0.034375 0.08125
10 0.775 0.5125 0.10859375 0.28828125
10 0.3609375 0.528125 0.10546875 0.28359375
10 0.265625 0.28046875 0.07890625 0.1734375
10 0.48203125 0.45625 0.06328125 0.2125
11 0.5546875 0.415625 0.0140625 0.17890625
11 0.484375 0.53671875 0.01328125 0.04375