11 0.24375 0.60546875 0.075 0.525
11 0.10078125 0.78984375 0.06328125 0.1796875
11 0.67890625 0.36640625 0.034375 0.4265625
11 0.53828125 0.59375 0.03515625 0.0796875
11 0.590625 0.53359375 0.0265625 0.0609375
11 0.43046875 0.54609375 0.0265625 0.1
10 0.69375 0.28125 0.20390625 0.5625
10 0.5375 0.4515625 0.1296875 0.3875
10 0.5953125 0.40859375 0.09609375 0.2765625
10 0.4328125 0.446875 0.1203125 0.3359375
10 0.22109375 0.44296875 0.22734375 0.88515625
10 0.1015625 0.63984375 0.20234375 0.51484375
10 0.33984375 0.52109375 0.13203125 0.346875
11 0.1046875 0.3546875 0.015625 0.05234375