3 0.034375 0.66015625 0.06875 0.1609375
3 0.434375 0.5578125 0.021875 0.0609375
3 0.4921875 0.528125 0.0140625 0.05234375
3 0.5359375 0.54453125 0.021875 0.05
3 0.63671875 0.5265625 0.03203125 0.07578125
3 0.76171875 0.49375 0.02890625 0.1140625
3 0.72890625 0.5171875 0.01875 0.03515625
3 0.7046875 0.509375 0.01484375 0.0328125
3 0.67578125 0.5140625 0.0109375 0.02421875
2 0.434375 0.50234375 0.09296875 0.20234375
2 0.275 0.49296875 0.0390625 0.059375
2 0.11953125 0.49296875 0.2390625 0.53359375
2 0.4921875 0.48203125 0.07421875 0.14765625
2 0.5390625 0.48671875 0.08359375 0.175
2 0.63984375 0.44453125 0.11484375 0.24609375
2 0.76328125 0.421875 0.11640625 0.26171875
2 0.36640625 0.4625 0.0328125 0.06484375