3 0.22578125 0.64296875 0.05390625 0.06484375
3 0.51171875 0.5125 0.01171875 0.02734375
3 0.4625 0.51484375 0.01328125 0.0234375
3 0.40546875 0.53828125 0.009375 0.03203125
7 0.33828125 0.40625 0.134375 0.63671875
9 0.7390625 0.54140625 0.0796875 0.35
9 0.61875 0.57890625 0.0375 0.153125
8 0.59765625 0.4828125 0.178125 0.3546875
6 0.33203125 0.36796875 0.4046875 0.7359375
2 0.18984375 0.53203125 0.209375 0.32109375
2 0.4046875 0.496875 0.0625 0.12265625
2 0.5140625 0.47734375 0.05625 0.10390625
2 0.4625 0.4859375 0.05 0.08359375